x<- -1+1
a<-1
add<- a+10
add
